2111590606320294
2111590608263081
2111590606321390
70000001007323294
2111590606320587
2111591606495897
2111591606591453
70000001022001896
2111590606510538
2111590606382024
2111590606323324
2111590606320584
2111590606320252
70000001007183559
70000001029060907
2111590608946246
2111590608676527
2111590608764845
70000001027374243
2111590606409704
2111590608299711
70000001022644692
2111590606409703
2111590606409707
70000001018290863
70000001006421178
70000001017471575
70000001025138171
2111590606494878
2111591606811299
70000001055168488
70000001024594990
70000001047373002
2111590608507859
70000001044670690
2111590608815503
70000001033732950
70000001038543809
70000001020172742
2111590608717850
2111590608812339
70000001026910997
2111590606331492
2111590608819820
70000001007210239
2111590606320483
2111590608553503
70000001038674019
2111590608245393
70000001020546202
2111590608793257
70000001034691070
70000001048105451
2111590608189467
70000001035135691
70000001042967344
2111590606337410
70000001023609159
70000001030610852
2111590608748931
2111590606320999
70000001034893699
2111590606320841
70000001007366010
2111590606477185
70000001053414662
2111590606409710
70000001028277937
2111590606313206
2111590608263244
2111590608812860
70000001056305478
70000001040796361
2111590606323083
70000001017354354
70000001024242356
70000001047635587
70000001039054607
70000001033732931
2111591606556857
2111590606509107
2111590608536739
2111590608850608
2111590606320577
2111590606320824
2111590606322851
2111590606323017
2111590606323020
2111590606323358
2111590606324122
2111590606345285
2111590606415112
2111590606495607
2111590608912386
2111590608716886
2111590608693043
2111590608693637
2111590608812344
2111590608917087
2111591606729977
70000001006386414
70000001006798997
70000001007388635
70000001024242409
70000001027289838
70000001029478488
70000001032295123
70000001042967341
70000001042967347
70000001043991903
70000001045703550
70000001049712046
70000001055032633
70000001056024897
70000001056236399
70000001043371084
2111590606322961
2111590606322877
70000001021950678
2111590606417738
70000001043588795
70000001051914089
70000001051914080
70000001051931211
70000001040499862
