70000001027608339
1267165676317610
1267165676830011
1267165676308871
1267165676625435
1267166676634511
1267165676197515
70000001017599638
1267165676197517
70000001035793004
1267165676979301
1267165676198322
1267165676850204
1267165676198357
70000001036753333
1267165676196730
1267165676850200
1267165676206787
1267165676197518
1267165676857748
1267165676264286
1267165676618854
1267166676255899
1267165676197516
70000001027720918
70000001051676325
70000001030571413
70000001023798681
1267165676991032
1267165676258937
1267165676822550
70000001039055192
1267165676198092
70000001040138088
70000001044040627
70000001026177219
70000001047372539
70000001038815279
1267165676279441
70000001020544523
70000001023999105
1267165676254644
1267166676176178
70000001022094823
70000001028014953
70000001018059751
70000001020145596
1267165677127827
1267165676308820
1267165676638475
1267165676480561
70000001052246828
70000001047256936
1267165677161573
1267165676482525
1267165676920947
70000001019879096
70000001022076505
70000001036870624
70000001041397380
70000001027708413
1267165676618741
70000001036606164
70000001034628574
70000001025253219
70000001045226096
70000001051620458
1267165676224372
70000001035594240
70000001024541649
1267166676179803
1267165676214180
1267166676177748
1267165676853839
70000001018781295
1267166676350492
1267165676251327
70000001024667401
1267165676482524
70000001039237512
70000001051421944
1267166676731835
1267165676814616
70000001030741313
1267165677113689
1267165676482370
70000001047930385
1267165676210220
1267166676180205
1267165676542936
70000001032166642
1267165676701214
1267166676642352
1267166676184790
70000001050224636
70000001056453518
1267165676198587
70000001047657188
70000001044086736
1267165676281289
1267165676598907
1267165676201429
70000001051650425
70000001036595514
70000001039261799
1267165676206774
70000001033936507
1267165676509231
1267165676881119
1267165676221188
70000001024960354
1267165676272399
70000001051683513
1267165676600390
1267165676196681
1267165676196720
70000001022094882
1267165676203127
1267165676423232
1267165676599691
1267165676225295
1267165676764306
1267165676538647
1267165676674874
1267165676701237
1267165676717051
1267165676729814
1267165676733176
1267165676747436
70000001040637987
1267165676770556
1267165676817316
1267165676862578
1267165676864810
70000001027388007
1267165676923161
1267165677038008
70000001021811804
70000001046686483
70000001022102482
1267166676180208
1267166676220200
1267166676261061
1267166676309863
1267166676317565
1267166676444382
1267166676525082
1267166676555501
1267166676743590
70000001030314716
70000001007372819
70000001018679666
70000001052246737
70000001022615223
70000001033103646
70000001023200753
70000001023798684
70000001023867712
70000001026807100
70000001027046057
70000001034289526
70000001027648335
70000001027746647
70000001030777083
70000001030915745
70000001032166646
70000001032754089
70000001034116635
70000001034274365
70000001034380817
70000001034728317
70000001035437597
70000001035929326
70000001036244460
70000001037749850
70000001040821088
70000001041093365
70000001041398542
70000001041411425
70000001043215539
70000001043219874
70000001044680460
70000001046396046
70000001046439966
70000001046490384
70000001046556610
70000001046895677
70000001047107736
70000001050634442
70000001051524228
70000001051585594
70000001051683579
70000001053172123
70000001055515461
70000001056605179
70000001026506650
1267165676196699
1267165676595122
70000001034021370
1267165676830404
70000001041715886
1267165676589428
1267165676318604
1267165676599043
1267166676333139
1267165676595243
70000001052621407
1267166676571250
1267165676434706
70000001027028687
70000001020146473
1267166676729450
1267166676215916
70000001046074832
70000001051683675
70000001023159459
70000001051445249
70000001007001111
70000001007003152
70000001051677992
70000001051644904
70000001051683622
70000001006999791
70000001007177632
70000001055803709
70000001036584954
70000001027398134
70000001007005992
70000001051683648
70000001007002746
70000001007005680
70000001051683667
70000001051683568
70000001051683554
70000001051683682
70000001051683592
70000001037632008
70000001037623376
70000001037627043
70000001051669199
70000001051682930
70000001037629181
70000001046922037
70000001037628185
70000001037632036
70000001037627047
70000001047588122
70000001046262812
70000001054300397
70000001054300645
70000001052472034
70000001044862077
70000001038906899
70000001038908035
70000001038906026
70000001038913076
70000001038908046
70000001038909865
70000001040314840
70000001040322750
70000001040314713
