2956015537261007
2956016536498732
70000001040858967
70000001027348546
2956015536499228
2956015536875670
70000001006636250
2956015536612240
2956015537083813
2956015536455316
2956015537326331
2956015536547450
70000001050269434
2956016536784787
2956015536455788
70000001025636582
70000001026654275
70000001037019877
70000001040659712
70000001026659627
2956015537206510
2956015536455884
70000001021099209
2956015536479162
2956015536457001
70000001036433702
2956015536455908
70000001031533475
70000001017477955
2956015536590036
70000001026657064
70000001039768851
2956015536722535
70000001044211147
70000001031356345
2956015537224000
2956015536480174
70000001047372717
70000001032803421
2956015537060935
2956015536443304
70000001043019234
2956015536595015
2956015536595060
2956015536455897
70000001035561948
70000001017613849
2956015536456891
2956015536566204
2956015536455929
2956015537108660
2956015537170485
2956015536690469
2956015536641831
2956015537126349
2956015536455917
2956015536456039
2956015536904475
2956015536456705
2956015536484720
70000001047977615
2956015536556781
2956015536589981
2956015536673422
2956015536764871
2956015536913769
2956015536996560
2956015537211394
2956016536626177
2956016536667916
2956016536712776
2956016536925982
2956016536945704
70000001006423781
70000001007113046
70000001007117756
70000001019858616
70000001025788709
70000001026655219
70000001027348535
70000001031450091
70000001035655480
70000001036018244
70000001037976717
70000001041342792
70000001043149857
70000001054632484
70000001056387405
70000001056500376
70000001023696477
2956015536731347
70000001030558709
70000001053264531
70000001034199261
70000001052035276
2956015536637018
2956015536631232
70000001039180707
70000001039171872
70000001039162261
70000001039163905
70000001046386179
70000001037869711
70000001037865494
