70000001020811871
3237490513163917
70000001025452103
3237490513220167
3237490513281295
3237490513220181
70000001039917353
70000001006562631
70000001044792040
70000001034537397
70000001038830272
3237490513164052
70000001021727822
70000001035166565
70000001034318005
70000001022484913
70000001042843049
70000001052772252
70000001033295106
70000001040493834
3237491513578389
70000001026903147
3237490513298739
3237490513163996
70000001031635765
3237490513223902
70000001038631256
70000001044094228
70000001037935407
70000001034706503
70000001048093460
3237490513172620
70000001037073124
70000001035185874
70000001032885515
3237490513172525
70000001035196103
70000001035142817
70000001034962221
70000001041479176
70000001040942407
70000001052791568
70000001027721581
70000001034842278
70000001033351383
70000001037592825
3237490513155549
70000001040452977
70000001039847657
70000001030698302
70000001030806980
70000001033295144
70000001033556488
70000001033660444
70000001034064021
70000001034605642
70000001034864704
70000001034864886
70000001034962177
70000001035142931
70000001035166515
70000001035185975
70000001035185993
70000001035191036
70000001035195619
70000001035484966
70000001035825751
70000001036459562
70000001036744241
70000001037396907
70000001037602178
70000001037675624
70000001037705531
70000001037705533
70000001039846220
70000001040674033
70000001044360755
3237490513615808
3237490513163637
3237490513163753
3237490513163766
3237490513163911
3237490513163967
3237490513164001
3237490513164009
3237490513164012
3237490513164049
3237490513164078
3237490513172607
3237490513219030
3237490513483418
3237490513293525
3237490513295900
70000001025400647
3237490513483419
3237490513533409
70000001006619355
70000001007119472
70000001022669506
70000001025165673
70000001027244378
70000001031810260
70000001033880465
70000001034840520
70000001035841276
70000001036476456
70000001036511791
70000001036827477
70000001039907806
70000001041390849
70000001041767384
70000001042860556
70000001046198552
70000001048099009
70000001052759334
70000001031554560
70000001052773533
70000001052794905
70000001052801675
70000001052817060
70000001052798475
70000001035561883
70000001040187001
70000001039666752
70000001034657182
70000001033540693
70000001033575263
70000001039029389
70000001033846155
70000001006538140
70000001033807651
70000001033807698
70000001039747115
70000001031463529
70000001035195598
70000001041677436
70000001042777218
70000001031648907
70000001031586679
70000001040333063
70000001006558949
70000001040260141
70000001031551365
70000001031114949
70000001052780292
10415102419321761
70000001035351050
70000001035756633
70000001037623312
70000001035694697
70000001028715121
70000001028716503
70000001028713746
70000001037635051
70000001037635898
70000001018009985
70000001037640819
70000001023197986
70000001033118387
70000001039328875
10415102419313005
10415103419580689
70000001039336752
70000001039328867
70000001021910567
10415102419272069
70000001034659210
70000001038504163
70000001052322224
70000001033518102
70000001037636619
70000001037722950
70000001017307519
70000001051223446
10415102419275922
70000001034845661
70000001018693422
70000001033360488
10415102419323520
10415102419313349
10415102419313389
70000001036655004
70000001056924051
10415102419297938
10415103419596185
70000001043612311
10415102419272351
10415102419302006
70000001041391129
70000001053901467
10415102419290015
70000001053901475
70000001037729511
10415102419348572
70000001046127880
70000001031614106
70000001039340503
70000001043051512
70000001039343204
70000001039342894
70000001017848766
70000001034867108
70000001034867671
70000001045928727
70000001025550957
70000001035270258
10415102419275091
10415102419278033
70000001042593632
70000001037725674
10415102419272603
70000001036259597
70000001046520637
70000001037844381
70000001037850251
70000001047932786
70000001037838006
