985690699736128
985690699474822
985691699838759
70000001023940067
70000001007313470
985690700167858
985690699478528
985690699712460
985690699474809
985690700381414
985690700549856
70000001006152183
985690699474776
985690700504001
985690699775176
985690699796880
985690699688725
985690700566741
985690699700184
70000001034159091
985690699658269
70000001030316278
985690699474825
985690699658371
70000001029358989
70000001053285736
70000001033425758
70000001006373796
70000001020460518
985690700289466
70000001039024424
70000001033350934
70000001046063663
70000001046344856
985690699484230
985690699496019
70000001023492025
985690699499919
70000001007340715
985690699474803
70000001043004329
985690699759682
70000001021187164
985691699724956
70000001043319522
985690699474598
70000001034093693
985690700229755
985690700535244
985690699680266
70000001023760198
70000001050313732
985691699753598
985690699600694
985690700504003
70000001022099194
70000001029127856
985690699923188
70000001033179177
70000001006711090
985690699481100
70000001031412570
70000001053299109
70000001041840991
70000001053298809
985690699770211
985690699479273
985690699908358
70000001047082419
985690700335227
70000001033873101
985690700499265
985691700112199
985690699544478
70000001035834461
985690699873342
70000001046045988
985690700127185
70000001038352723
70000001039165938
985690700683185
985690700049091
70000001045759137
70000001017564509
70000001041147522
70000001019472280
985690699514571
70000001029477937
70000001033159267
985690699543558
985690699479276
985690699488468
985690699488470
985690699495952
985690699569093
985690700604343
985690699505540
985690699579116
985690699648117
985690699844571
985690699883870
985690700500029
985690700250598
985690700569190
985690700648805
985691699692448
70000001045005720
70000001006711000
70000001018440258
70000001023448209
70000001023561055
70000001027784404
70000001028382831
70000001028832678
70000001029702982
70000001032407076
70000001032423504
70000001041051052
70000001045005717
70000001045005723
70000001045005729
70000001047904618
70000001048142535
70000001057112955
985691699850422
70000001038084815
70000001039201137
70000001056060855
70000001056736125
70000001035356974
70000001036753284
985690699594875
70000001017321802
985690699589757
70000001043057606
70000001056370972
70000001023155264
70000001044572348
70000001046112268
985690700348647
985690699921631
70000001044212313
70000001032279911
70000001032069966
70000001044212307
70000001040433832
70000001053286078
985690700398070
70000001006962053
70000001025909372
985690699730363
70000001022894562
70000001038846288
70000001039969494
985690700279042
