70000001048754938
4504127914618265
4504127908434708
70000001027633339
4504128908787705
4504127911413949
70000001028963932
4504127911694930
4504127920235974
4504127916270005
4504127916984061
70000001046907588
70000001026057256
4504127908417608
70000001035818120
70000001027815116
70000001050377545
4504128908846191
4504127908408520
70000001036131478
70000001043989957
4504127908391076
4504127908449588
70000001041195470
4504128908418577
70000001029456925
70000001017811412
70000001036891611
70000001042898934
70000001044946114
70000001034104086
4504128908468610
70000001054744492
70000001048041668
70000001045791461
70000001038449072
70000001043663267
70000001006411274
70000001019788774
70000001028244695
70000001031320270
4504127908434684
4504127913203283
4504128908470176
70000001029813362
70000001017422404
70000001055710638
4504127916457971
70000001055454476
70000001048710020
70000001032117497
4504127915921638
70000001035786957
4504127909198605
70000001020800543
4504127917326180
70000001018847536
70000001027983013
70000001034920188
70000001024914065
70000001046367503
70000001050015431
70000001047937713
70000001044001220
70000001018297044
70000001041018923
70000001047713502
4504128908463015
70000001030716331
4504127908427374
70000001023860099
70000001033231523
70000001049252336
4504127914583162
70000001031326951
70000001033296839
70000001052818470
70000001052464461
70000001050007814
4504127908447222
70000001051828992
4504127908394264
70000001054368323
70000001050006719
70000001033651494
4504127908391632
4504127908449661
70000001023616301
70000001039530567
70000001049579969
70000001037335368
4504127915920847
4504127908460812
4504127908798302
70000001049563271
4504127914706788
70000001007472222
70000001040029738
4504127918747401
4504127918002990
70000001044424764
70000001022272430
70000001022795821
4504127908426528
70000001049803767
70000001052079405
4504127908392077
70000001055501824
4504127908408332
70000001049050407
70000001047790739
70000001050011400
4504127908372487
4504128908682720
70000001024092637
70000001019198549
70000001033041560
70000001033443962
70000001055364260
70000001024568689
70000001034706478
70000001042610327
70000001048783732
4504127908409792
4504127914785231
70000001024755920
70000001033000701
70000001054039360
4504127908427806
70000001049794890
4504127908391588
4504127910930224
70000001049779607
70000001017391202
70000001047937339
70000001049701561
70000001050015887
70000001055972390
70000001049551257
70000001054422019
70000001025674418
70000001052321805
4504127910930185
70000001051898704
4504127908390299
70000001048969233
70000001054744480
70000001030674670
70000001050018555
4504127908393158
4504127908436810
70000001050027503
70000001023519858
4504127908391135
4504127914679764
70000001042221240
70000001050027242
70000001050027509
70000001049810660
4504127914785602
70000001049835273
70000001052017919
70000001036208372
70000001050027266
70000001052362005
70000001035214359
4504128908458987
4504128908459052
70000001035140847
70000001050039881
70000001028751808
70000001045537802
70000001050027295
70000001036348109
70000001036254388
70000001050258673
70000001050026142
70000001039665835
70000001034454292
4504127908393517
70000001050016389
4504128908459707
70000001048361582
4504127908393228
4504127908434537
70000001051669435
70000001025842373
4504128908979403
4504127908392719
70000001040606865
70000001038617927
70000001018408398
4504127914583759
70000001031391476
70000001042921230
70000001054316918
70000001030286012
70000001050027432
4504127917393374
4504127908416795
70000001048678917
70000001053557518
70000001032808659
4504127908436049
70000001025281873
4504127908387286
4504127908416775
70000001049591086
70000001032850038
4504127908434496
70000001025151056
70000001049881650
4504128908532040
4504127908471952
70000001032634706
4504127908366920
4504127908385777
4504127908385783
4504127908389336
4504127908390942
4504127918414868
4504127908391423
4504127908393006
4504127908408624
4504127908409073
70000001021359727
70000001049992313
70000001050027337
4504127908426926
4504127908427760
4504127908434620
4504127908435826
4504127908453620
4504127908456925
4504127908480927
4504127908794838
70000001049556072
4504127910538944
4504127910645505
4504127911240080
4504127911694595
4504127911833246
4504127911834611
4504127915112026
4504127915920692
4504127916139250
4504127916202599
4504127916395046
4504127916910486
4504128908366167
4504128908413178
4504128908440712
4504128908459303
4504128908609625
4504128908694906
4504128908699812
4504128908712292
4504128908856660
70000001007526238
70000001017585882
70000001020011854
70000001020351001
70000001020871566
70000001021447298
70000001021489057
70000001023381940
70000001023715824
70000001024314497
70000001025086820
70000001025298942
70000001025822353
70000001026457183
70000001026717264
70000001028092658
70000001028479603
70000001028510191
70000001028875725
70000001029179573
70000001030056469
70000001031098118
70000001031805383
70000001032454140
70000001033249889
70000001033642865
70000001033895604
70000001033925477
70000001033965720
70000001034599749
70000001034904226
70000001038612777
70000001035534611
70000001048954865
70000001035627121
70000001035886482
70000001036143145
70000001036722442
70000001036744875
70000001037208369
70000001037977145
70000001038355795
70000001048945892
70000001038507104
70000001038555733
70000001038556520
70000001038776532
70000001039718829
70000001041275584
70000001041534666
70000001042734310
70000001043386051
70000001043571634
70000001043837495
70000001044019383
70000001044533573
70000001045156023
70000001045476832
70000001045723169
70000001046087642
70000001046463554
70000001048510828
70000001048541437
70000001048623796
70000001048710084
70000001048710950
70000001048948484
70000001048950849
70000001048965061
70000001048985715
70000001048986635
70000001049027594
70000001049061916
70000001049070251
70000001049088726
70000001049197984
70000001049199010
70000001049221749
70000001049252056
70000001049553304
70000001055861420
70000001049790086
70000001049823411
70000001049832030
70000001049883615
70000001049929040
70000001049985568
70000001050000850
70000001050004051
70000001050010980
70000001050027216
70000001050027292
70000001050027334
70000001050027346
70000001050027349
70000001050027369
70000001050027438
70000001050027458
70000001050027465
70000001050027506
70000001050334667
70000001052145997
70000001052636026
70000001055796375
70000001056371613
70000001056393185
70000001052052257
70000001023725344
70000001039890357
4504127908392801
70000001041420639
70000001040320702
70000001037180116
70000001050027275
4504127914891283
70000001039917179
70000001050001515
70000001007530347
70000001049556027
4504128908612217
70000001051741206
70000001037294726
70000001049556099
70000001049571467
70000001020234665
70000001049563635
4504127908463997
70000001051620116
70000001049579957
4504127908387220
70000001050013878
70000001028095345
4504128908971931
70000001049867373
4504127908408602
4504127915586716
70000001040336024
4504127908417293
4504127914939478
4504127915363915
70000001033871015
70000001039983987
4504128908802520
4504127908454192
4504128908447588
4504128908441029
70000001030296464
70000001022276446
4504127908434929
70000001035456994
70000001050027263
70000001048988946
70000001048969389
4504127908381273
4504127908408933
70000001037783860
4504127919277626
70000001038724571
4504127908434760
70000001030359712
4504128908375122
70000001049143120
4504128908643207
4504127908771279
70000001026643706
70000001046382900
70000001023719566
70000001006144210
70000001006157847
70000001024944701
70000001045374962
4504127908992844
70000001048985771
70000001049238464
70000001046169566
70000001032232605
70000001032232744
70000001031931149
70000001050027272
70000001037367457
4504127908446883
70000001050004840
70000001026861413
70000001050027483
70000001049563596
70000001034212834
70000001025689458
4504127908472859
