4504127908366713
70000001055720531
70000001031090687
70000001039895724
70000001032538575
4504127917094672
70000001034975243
70000001049554070
70000001036529889
70000001023161711
70000001019444298
70000001051609123
70000001038614577
70000001049556033
70000001052142402
70000001031135830
70000001048683784
4504128908492348
70000001032954140
70000001049833490
70000001050006330
70000001050214489
70000001050220019
4504127917071496
70000001049729012
4504128908502101
4504127915534344
70000001022046213
4504127919268089
70000001020367439
70000001032569539
70000001032799158
70000001032799672
70000001051691995
70000001043257133
4504127908456936
70000001049556123
70000001050027403
70000001053889729
70000001021192834
70000001039612889
4504128908789363
70000001047992380
4504127908959286
70000001030674656
70000001034542852
70000001050027204
70000001030287528
4504128908957169
4504127909221550
4504127910817383
4504127920933680
70000001049870265
4504127915499964
70000001045432442
70000001041507823
70000001042690079
70000001040915532
70000001050027390
4504127916951100
4504127915321272
70000001050027246
70000001055227714
70000001037879547
70000001055171191
70000001023348962
70000001055088232
70000001049761392
70000001034975337
70000001048986747
70000001034086394
70000001049068109
70000001046891859
70000001044740714
70000001031398771
70000001027571165
70000001020694345
70000001036512432
70000001027572453
4504128908880761
70000001048817562
70000001041749949
4504127908417617
70000001035336854
4504127912360614
4504127915608565
70000001021041786
70000001046178608
4504127908367116
4504127908388299
70000001025698978
70000001047391181
70000001030661195
70000001027342131
70000001049985648
70000001050027435
70000001048956377
70000001050027176
70000001030338513
70000001021483374
70000001036761665
70000001048710818
70000001028222978
70000001049990753
4504128908733209
70000001037877524
70000001050013814
4504127908427315
70000001049128298
70000001051473466
70000001048152041
4504127908472059
70000001049739638
70000001050027441
70000001031949111
70000001049262158
70000001050027298
4504128908816110
4504127908426400
70000001032370834
70000001049987371
70000001039142825
70000001040857534
70000001049563599
70000001019677707
4504127908391233
70000001053396071
4504127908455357
70000001035972630
4504127908366746
4504127908862850
70000001048710910
70000001049571437
70000001032746585
70000001025911682
70000001046545080
4504127908391842
70000001048721444
70000001050027517
70000001050016394
70000001044298075
4504128908399681
70000001006815605
4504127909047870
4504127908393395
70000001037331169
70000001006978175
70000001049046444
70000001025675358
4504127909010708
70000001050002104
70000001050324932
70000001049596431
70000001034900906
4504127915743821
70000001036308171
70000001032063787
70000001051592272
4504127908990924
70000001049986563
70000001050009225
70000001050003188
4504127911161468
70000001021285055
70000001048703147
70000001049563276
70000001047076627
70000001024093656
70000001050026135
4504127915879648
4504128908816099
4504128908816105
70000001029027606
70000001035080115
70000001036400813
70000001037288441
70000001047771188
4504127915753087
70000001048734215
4504127908471587
70000001007167445
70000001019100733
70000001047610423
70000001007149545
70000001053392800
70000001035221082
4504127908463644
70000001021401574
4504127908391974
70000001024054690
70000001044063865
70000001032084185
70000001024716094
70000001034690901
70000001048626794
70000001054039417
70000001049000308
4504127920942306
4504127908388241
70000001029143429
70000001049998401
70000001031333490
70000001033037573
70000001044159308
4504127908435996
70000001049714397
70000001039778897
70000001021813257
70000001030972934
70000001049753630
70000001049610092
4504127915918721
4504127918945836
70000001041769772
4504127908972749
70000001024651448
70000001040237015
70000001036186043
4504127909200364
70000001041390444
70000001052315283
70000001049789663
70000001053412443
70000001050027253
4504127908434776
70000001028171221
70000001052329567
70000001037924013
70000001048988897
70000001041807563
70000001050027313
70000001050003946
70000001053392875
70000001049785483
70000001033742860
70000001050002138
70000001049562239
70000001041321569
4504127908387145
70000001050026159
4504127911403043
70000001006508085
70000001025151160
70000001024716083
70000001035203793
70000001021395177
4504127918990872
70000001049753657
70000001053412296
4504128908763901
70000001049546376
70000001049945774
4504127908367089
70000001050027513
70000001037353269
70000001053841891
70000001023612408
70000001048710827
70000001054255746
70000001036720130
4504127908372798
70000001033745345
4504127915773932
70000001032120105
70000001051409529
70000001049903133
70000001053412350
4504127920648317
70000001031535535
70000001049158128
70000001050014433
70000001039412566
70000001050013233
70000001049610084
70000001033790902
70000001020557218
70000001025960828
70000001053478674
70000001039611584
70000001049916384
70000001053411675
4504127908513759
4504127909205968
70000001028231649
70000001055410409
70000001050027304
70000001048988900
4504127908409019
70000001050006809
70000001049591099
4504127908436363
70000001053411711
4504127918946718
4504128908815693
4504127908745870
70000001049952756
4504127909198744
4504127908436159
70000001049985932
70000001049944278
70000001039732817
70000001049231601
70000001049217420
4504128908467185
70000001049591094
4504127916656752
4504127915663404
70000001026784229
4504128908357471
70000001049753652
70000001037448643
4504127909060194
70000001034638268
70000001033094340
4504127909198752
70000001056413202
70000001049596435
4504127909009029
4504127909198763
70000001041501130
70000001053392878
70000001028235015
70000001049753636
70000001050006336
70000001025995524
70000001050026155
4504127909048421
70000001053412236
4504127916109541
70000001048999122
70000001055196333
70000001053392572
4504127908998771
70000001049991613
70000001053841678
70000001048683762
70000001019932727
70000001048706725
70000001023915229
70000001053418211
4504127909048454
4504128908437478
70000001049753641
70000001028940865
70000001025385239
70000001049990758
70000001054421822
70000001028180088
70000001048753331
70000001019086594
70000001053558735
70000001053550906
70000001028071233
70000001023641860
70000001048398898
70000001007158118
4504128908996387
4504127915608274
4504128908477477
70000001028181021
70000001052599622
70000001049753647
4504127915978529
70000001037011650
70000001050000615
4504127908464133
70000001049662149
4504127908426942
70000001041340764
70000001055051915
70000001023762473
70000001028094527
70000001049596391
70000001028070493
70000001029048745
70000001050027471
70000001049986559
70000001049596413
70000001049828932
70000001049835577
70000001049816071
70000001056026996
70000001040869134
4504128908354416
70000001050027207
4504127916899429
4504127908458123
70000001050015324
70000001028233769
70000001025705577
4504127911304869
70000001055480809
70000001050027166
70000001050027225
70000001027618916
70000001039658853
70000001041296405
70000001049945609
70000001028796161
70000001049610088
70000001054761354
70000001028235118
70000001050003182
4504127921609140
70000001049596417
70000001041360845
70000001045299924
70000001018850032
70000001021620916
4504128908356168
70000001023744051
4504128908446918
70000001023093502
70000001023061623
70000001045995186
70000001056069649
70000001049942560
70000001022984217
70000001029186882
70000001045693102
4504127916355077
70000001046589726
70000001022993169
70000001049571442
70000001044858079
70000001044312204
70000001038369745
70000001022954665
70000001026571173
70000001035511862
70000001045995587
70000001037367482
70000001023409850
70000001028227317
70000001049662151
70000001028388137
70000001023810452
70000001044153074
70000001023395690
70000001049214275
4504128908587955
4504128908589335
70000001049881418
70000001048973873
70000001023817288
70000001040159793
70000001028158504
70000001048714163
70000001041788175
70000001053098709
70000001045486636
70000001048903323
70000001056608471
70000001045930228
70000001046102686
70000001024868095
70000001050014494
70000001026190845
4504127918933768
70000001023989536
70000001052328844
70000001034382796
70000001052167762
70000001028164092
4504128908636345
70000001050027409
70000001049596422
