70000001006480489
5489290326853255
5489290326854323
5489290326974436
5489291327453541
70000001032499234
70000001048781715
70000001025616002
5489290326840054
70000001031817659
70000001036197008
5489290326922443
5489290326840010
5489290326883793
5489290326836804
70000001039467194
5489290326886723
5489290326966927
5489290326836782
5489290326952097
5489290327044349
5489290326836799
70000001046346482
5489290326840037
5489290326837066
5489290327005789
70000001035533577
70000001052174206
70000001046341678
70000001041466837
5489290327005802
5489290326840046
70000001007130064
5489290326875505
70000001021472185
5489290326842247
70000001035136448
70000001021207876
5489290326840031
70000001017367827
5489290327005803
70000001022613326
70000001028754455
70000001028754624
5489291327350812
5489290326908583
70000001037073914
70000001050901339
