2674540563987556
2674540559730113
70000001029657536
2674540563329868
2674540563894410
2674540559833004
2674540559748880
2674540559751260
2674541559751223
2674540559751326
70000001032690083
2674540559783771
2674540559750256
70000001052172218
2674540559781594
2674540563175743
2674541560214901
2674541559907913
2674540563483899
2674540559751256
70000001046301741
70000001006710258
70000001033841245
70000001051846451
70000001043678980
2674540559749693
2674540559845861
70000001032573515
2674541559808101
70000001033431029
2674540559815356
70000001051387157
2674540559750874
2674540559833007
70000001007157595
2674541559785252
70000001055962491
70000001042081485
2674540563618770
2674540559751095
70000001051309402
70000001048375272
2674540559751112
70000001052570533
70000001055503435
2674540559751663
2674540559750851
2674541559769154
2674540559835720
2674540563439108
2674540559833002
2674540559749772
2674540559833003
2674540559833006
2674540559833016
2674540559748264
2674540559803766
2674540563495905
2674540559750986
2674540559751221
2674540563516120
70000001052031990
2674540559751265
2674540559751364
2674541559813426
2674540559783548
2674540559904487
2674540559890364
2674540559915974
2674540563082637
2674540563082751
2674540563141747
2674540563169073
2674540563323663
70000001052734518
2674540563372060
2674540563907234
2674540563458309
2674540563462108
70000001006973014
2674540563937565
2674540563948161
2674541559772701
2674541559807758
2674541559813156
2674541560117004
70000001006562016
70000001020563083
70000001021497853
70000001023153164
70000001027289709
70000001029014594
70000001033044860
70000001033289347
70000001034558882
70000001035279096
70000001035952846
70000001035987717
70000001037137462
70000001038315231
70000001038452245
70000001040190254
70000001040607995
70000001041108214
70000001041318918
70000001042687111
70000001043279749
70000001044078569
70000001043678982
70000001056945977
70000001045701986
70000001048375301
70000001050737726
70000001050779325
70000001051414323
70000001054287395
70000001054904228
70000001042763759
70000001024696483
70000001039975807
2674540563367476
70000001049804351
2674540559749811
70000001042067786
70000001029542638
70000001055566460
70000001045158844
2674540559750264
70000001043887816
70000001052727531
70000001046906822
2674540559856679
70000001052691835
70000001047050310
2674540559750860
70000001043596730
2674540559877461
70000001052722847
70000001026501146
70000001018159445
2674540559750285
2674540563834544
2674540563323244
2674540559845862
2674541559846718
2674540559827250
70000001045427980
2674540559827240
2674540560007849
70000001041816799
70000001025811859
2674540559827349
70000001052714080
70000001052714965
70000001052717024
70000001052733995
70000001052952161
70000001053015442
70000001053016401
70000001023587673
70000001055489195
