1689378141319677
1689378141305890
1689378141274363
1689378141241587
1689378141241570
1689378141241588
1689378141248001
70000001007376287
1689378141258162
70000001018428650
70000001045247320
1689378141241552
70000001007115757
1689378141250752
1689378141241589
1689378141252433
70000001054586666
1689378141266085
1689378141299156
1689379141707499
70000001025772465
70000001017484436
1689378141318957
1689378141358397
70000001039825643
70000001053058100
1689378141383491
1689378141309465
1689378141332963
70000001007325134
1689378141246753
70000001007287940
70000001054299723
70000001048359889
