70000001035358222
70000001027217599
2252328094667413
70000001029806001
70000001019394357
2252328094755750
2252328094701737
2252329094981446
2252328094829827
2252328094667438
2252328094666999
2252328095120858
70000001028630890
70000001032582390
2252328094826719
2252328094674847
2252328094927495
2252329095296973
2252328095085981
2252328095041210
2252329094915753
2252328094728307
70000001024786373
2252328094871780
70000001032428051
2252328095377173
70000001040084452
2252328094667003
70000001040317691
2252328094905945
2252328094667219
2252329094950960
70000001044078306
2252328095369754
2252328094667069
2252328095351027
2252328094881136
70000001041272399
70000001027704435
2252329095288670
2252329095203385
2252328095547604
2252328094910996
2252328094667008
2252329094971296
2252328094716022
2252328095054957
70000001024881672
2252328094722083
2252328095547603
2252328094667014
2252329094860941
2252328094667407
70000001025551998
2252328095261034
2252328094743034
70000001030845254
2252328095458047
2252328095451934
2252328094667006
70000001022022838
70000001007390943
2252328095230505
2252328095315278
70000001020575028
2252328095570735
70000001017617738
70000001026151620
70000001047667611
2252328094707379
2252328095346032
70000001006769725
70000001021956622
2252328095178341
2252329095308107
2252329095009406
2252328094667056
2252329094817855
2252328094667390
70000001021697979
70000001056236568
70000001029513443
70000001055879688
70000001053321080
2252328094667078
2252328094667312
2252328094667321
2252328094667345
2252328094833960
2252328094851371
2252328095364258
2252328095037286
2252328095364256
2252328095138971
2252328095220994
2252328095312207
2252328095543717
2252328095610831
2252328095620792
2252329094969916
2252329095186265
70000001006770295
70000001007431890
70000001051252258
70000001018156358
70000001020064520
70000001024509875
70000001025074807
70000001032427717
70000001035087562
70000001035471187
70000001035484555
70000001039194878
70000001044224575
70000001046679983
70000001046865597
70000001047619417
70000001047651461
70000001047788099
70000001048482851
70000001051981885
70000001056431482
2252328094800456
70000001034492669
70000001007262236
70000001025578459
70000001028134319
70000001030228378
2252328094901758
70000001039036514
70000001036756468
2252328095008376
2252328094793781
2252328094667163
2252328094667692
70000001021142901
2252328095162869
70000001034004874
70000001035674815
70000001043643756
2252328094667330
70000001033983370
70000001035366884
70000001036133782
70000001018032857
2252328095378751
70000001030854857
2252328095373428
70000001042816226
70000001040409793
70000001040406761
70000001040408651
70000001040361912
70000001040408935
70000001040406847
70000001040387218
70000001040383208
70000001040386178
70000001040386668
70000001040390371
70000001040389134
70000001040519651
70000001044495322
70000001027231915
70000001046486586
70000001028310770
70000001055123297
70000001026561501
70000001026561522
70000001027160659
70000001026595622
70000001028353050
70000001026745403
70000001026989653
70000001046478159
70000001044793736
70000001046487006
70000001037527942
70000001037527945
70000001037527567
70000001037523869
70000001037523871
70000001046477236
