3378228002239215
3378228001566831
70000001032044707
70000001036775120
3378228001729852
3378228001519393
3378228001519272
70000001007398710
70000001045050557
70000001022105208
3378228002102032
70000001006792018
70000001007394296
70000001052855691
70000001022488347
70000001028478475
70000001049184536
70000001038699087
3378228001832757
3378228001799566
70000001034776234
70000001018894055
70000001006519239
70000001052902062
70000001017487842
3378228001519385
3378228001565510
70000001052898247
3378228001518143
3378228001518184
3378228001518216
3378228001519201
3378228001519299
3378228001565590
3378228001566725
3378228001566964
3378228001568195
3378228001569524
3378228001569552
3378228001735111
3378228001779893
70000001052104140
3378228001988854
3378228002160462
3378228002236024
3378229001880115
70000001006921532
70000001007195895
70000001052866811
70000001007398928
70000001017594994
70000001029579216
70000001032349169
70000001034852080
70000001036316348
70000001036698491
70000001038178817
70000001040699354
70000001046023560
70000001049182273
70000001049864016
70000001050822410
70000001052853167
70000001052870577
70000001052900392
70000001052904538
70000001056504699
3378228001723629
70000001006403234
3378229001897994
70000001052898915
70000001006656307
70000001052898244
70000001006403221
3378228001569997
3378228002268537
70000001052457778
3378228001569494
3378228001828134
70000001027416124
70000001027410865
70000001045298217
70000001027697464
70000001038530902
70000001045928548
70000001040080607
70000001040086989
