70000001043054187
2533803071700286
2533803071660740
70000001034755554
2533803071373918
70000001017941252
2533803071655972
70000001045183207
2533803071700309
2533803071373616
70000001045673019
2533803071375833
2533803071412184
2533803071374354
70000001055699036
70000001055721045
2533803071684440
2533803071728301
70000001029712065
2533803071374234
2533803071374480
70000001038667882
2533803071454373
70000001020998094
2533803071878914
2533803071374389
70000001034591378
2533803072283425
2533803071842521
2533803071425744
2533803071700300
70000001052229840
70000001035009835
2533803072679744
2533803071959849
70000001034596128
70000001007039163
70000001041726621
70000001047181733
2533803072666856
2533803071568037
2533803071700403
2533803071373814
2533803071408217
2533804071435544
70000001053211063
70000001021085973
70000001007122365
70000001021085966
70000001017824035
2533803071642183
2533803071804720
2533803071438238
70000001022606729
2533803071373827
2533803071374778
2533803071374842
2533803071408988
2533803071412752
2533803071438250
2533803071438605
2533803071778218
2533803071908798
2533803072531123
2533803072673727
2533804071513566
2533804071688300
70000001031668031
2533804071982745
70000001018379038
70000001031571264
70000001034925001
70000001041582172
70000001042953030
70000001045694904
70000001054630482
70000001056659551
2533803071699924
70000001021022511
2533803071374386
2533803071700983
70000001033376775
70000001021087026
70000001030879944
2533803071700877
2533803071700293
70000001053193125
70000001053197230
2533803071700116
70000001038195059
2533803071776043
70000001056656876
70000001044033176
2533803071373869
2533803071700316
2533803071700348
2533803071806061
2533803071448883
70000001047373879
2533803071700365
2533803071663543
70000001044694179
2533803072750157
2533803071374222
70000001042526671
70000001007312725
2533803071766482
70000001044828672
70000001029208420
2533803071698043
70000001053426406
70000001031321973
2533803071374094
2533803072306225
70000001007260025
2533804072014718
70000001035254267
70000001056686416
70000001053180563
70000001022559041
70000001053180555
70000001046267457
70000001046267464
70000001046269461
70000001046267460
