6052241280442106
6052240280306102
70000001032118494
6052240280718729
6052240280272640
6052240280272730
70000001037207672
70000001040400324
6052241280549185
6052240280511766
70000001023475172
6052240280288935
6052240280261099
6052241280761771
6052240280284069
6052240280370870
70000001022170121
6052240280352426
6052241280735725
6052240280315878
70000001044536566
70000001032077187
6052240280261273
6052241280668823
6052240280261223
70000001026547448
70000001048922036
6052240280272632
70000001048500198
6052240280260971
6052240280648012
70000001027243663
6052240280261132
6052240280261228
6052240280261239
6052240280288730
6052240280288914
6052240280350448
6052240280350481
6052240280596579
6052240280686657
6052241280696094
70000001007534070
70000001022942247
70000001023475192
70000001023475406
70000001026463134
70000001026464029
70000001026525588
70000001026546196
70000001026546439
70000001026546832
70000001026547027
70000001026547606
70000001027830405
70000001030056030
70000001035414446
70000001038556329
70000001039606073
70000001040287850
70000001040625161
70000001052474238
70000001053978506
70000001054346046
70000001054346048
70000001030618708
70000001054576954
70000001045715396
