70000001051074558
5348552841626308
5348552838538802
70000001045097038
5348552838519886
5348552838772987
5348552838518281
5348553838574303
5348552838481115
5348552838520477
70000001006995045
70000001028791519
5348552838528749
5348552840176741
5348552838525424
5348552838579225
70000001020428352
70000001033209055
70000001041010730
5348552840178010
70000001023105026
5348553838716139
70000001033470045
70000001030625948
70000001032018071
70000001034215009
5348553838665244
5348552840210439
70000001019306325
5348552838531545
5348552838528584
70000001026607055
5348552840086697
5348552838529116
70000001019462760
70000001041900870
5348552838562694
70000001018041494
70000001048180973
5348552838531215
5348552840086700
5348552838571752
5348552838518216
70000001047236895
5348552840763364
70000001034888236
5348552838528975
70000001020861652
5348553838711937
5348553838730127
5348552840209141
70000001036497326
5348552838531324
70000001055701158
70000001047374650
70000001045047760
70000001031691353
70000001044142882
70000001048270447
70000001036498903
5348552838528842
5348552838779166
70000001032026385
70000001046195135
70000001030239793
5348552840205364
70000001022969512
5348552838528677
70000001047760834
5348552838520214
5348552838581099
70000001031735341
70000001048282407
5348552838527935
70000001018283792
70000001040969138
5348552841781895
5348552838538499
70000001040766688
70000001024043121
5348552838517231
70000001007249554
70000001048282443
5348552838564426
70000001027527219
5348552838520228
70000001047574420
5348552838518391
5348552838538526
70000001053608799
70000001026584679
70000001031613777
70000001045606539
70000001053620029
70000001032040573
70000001048066745
70000001020348173
70000001032288941
70000001024328196
70000001027079322
70000001048202589
5348552840616040
5348552838571206
70000001028131234
70000001055666066
5348552838517551
5348552838538704
5348552838586976
70000001032035439
5348552838574613
70000001054769387
5348552840621913
5348552838577122
70000001055393127
5348552838517922
70000001031304822
70000001053607876
70000001022818943
70000001036278999
70000001044400352
5348552838517427
5348552838517487
5348552838517586
5348552838517850
5348552838519481
5348552838519814
5348552838520204
70000001054521378
5348552838520310
5348552838520397
5348552838520524
5348552838522232
5348552838522258
5348552838524248
5348552838525608
5348552838526458
5348552838527417
5348552838530684
5348552838528656
5348552838529033
5348552838529101
5348552838531270
5348552838531366
5348552838534213
5348552838534249
5348552838534993
5348552838535056
5348552838535072
5348552838535181
5348552838535188
5348552838538268
5348552838538940
5348552838541586
5348552838543425
5348552838562109
70000001037455457
5348552838574479
5348552838574643
5348552838576670
5348552838576944
5348552838577035
5348552838577177
5348552838579418
5348552838583159
5348552838584024
5348552838585259
5348552838586810
5348552838772933
5348552838780012
5348552839549726
5348552839553213
5348552839932865
5348552840129437
5348552840207993
5348552840481254
5348552840626377
70000001022684844
5348552840692902
5348552840772851
5348552841422542
5348552841417600
5348552841647977
5348553838557639
5348553838604527
5348553838675216
5348553838698249
5348553838699608
5348553838707329
5348553838731556
5348553838768279
5348553838933585
70000001006620385
70000001019682024
70000001019693589
70000001019723316
70000001019933630
70000001022008167
70000001022118719
70000001022538761
70000001023085989
70000001023239427
70000001023246518
70000001036035462
70000001023950371
70000001023984851
70000001024192254
70000001024328122
70000001024757943
70000001038513121
70000001024993557
70000001025129039
70000001044698001
70000001025479789
70000001025487384
70000001025857696
70000001025913994
70000001026584547
70000001027071430
70000001027086354
70000001027420823
70000001048153987
70000001028907131
70000001030380267
70000001030626031
70000001030972088
70000001032034965
70000001032035413
70000001033341996
70000001033773439
70000001033990716
70000001034845748
70000001035726902
70000001036246769
70000001038113152
70000001038309901
70000001038359480
70000001039814037
70000001053609270
70000001040608047
70000001040650522
70000001040662159
70000001040742719
70000001040765409
70000001041033195
70000001042699557
70000001042713153
70000001043001783
70000001043012150
70000001043529408
70000001051292551
70000001044725358
70000001045047529
70000001045125612
70000001046394925
70000001046779622
70000001046779667
70000001047889725
70000001048068010
70000001048068034
70000001048154048
70000001048200374
70000001048282374
70000001048282411
70000001048282430
70000001048282434
70000001050294100
70000001050774238
70000001050819387
70000001051353592
70000001051843866
70000001052291623
70000001052323423
70000001053597530
70000001053603337
70000001053609275
70000001053824787
70000001055233479
70000001055983183
70000001056286616
70000001045151086
5348552838528612
5348552838540829
5348552838779184
70000001036833857
70000001055691737
70000001027822475
70000001044454029
5348552838535393
70000001053564851
70000001038372500
5348552838520056
5348552838577017
5348552838534733
5348552838528110
5348552838535092
5348552838520422
5348552838584154
70000001046766665
5348552838517907
5348552838522342
70000001044630397
5348552838570990
5348552838535223
5348552838519793
70000001034081317
70000001032053275
5348552838522608
70000001048068029
5348552840086702
70000001031304897
70000001034561827
70000001020623813
5348552838537827
70000001006564281
70000001026858642
70000001034394579
70000001038885745
70000001053585744
5348552838597563
70000001055508524
5348552838525146
70000001024319660
70000001029619502
5348552838579461
70000001033358442
70000001054819001
5348552838520408
5348552840834134
5348552840206567
70000001022818911
70000001020450319
70000001056308287
70000001048282345
70000001018293929
70000001041155414
70000001006909312
70000001048154061
70000001048189551
70000001048177080
70000001046987212
70000001055229724
5348552840086698
70000001022709963
5348552838580389
5348552838529314
70000001044269649
70000001037897198
70000001053458411
70000001048154007
70000001048327017
70000001048140794
5348553838496726
70000001048333586
70000001048068024
70000001028459034
70000001047002503
5348553838700383
5348553838937838
70000001027514661
70000001030319528
70000001048066749
70000001048327027
70000001031808301
5348552840086699
5348552838758038
70000001037229060
70000001055990888
5348552838541779
70000001037289195
5348552838525380
70000001048327021
5348552841553421
70000001048327009
5348552840215638
5348552840206143
70000001053615547
5348553838942050
70000001048327013
70000001023335290
70000001018744595
70000001019999601
70000001019426899
70000001044776126
70000001048327005
70000001052235347
5348553838753344
70000001048171528
5348552839552900
5348553838746784
70000001019314670
70000001019317189
70000001019317287
70000001037581016
70000001044300302
70000001023382558
70000001048326997
5348552840347563
70000001027393209
70000001025016401
70000001025016494
70000001054629703
