2393065583020813
70000001018135656
70000001052264389
70000001019503479
2393065583824244
2393065583328216
2393065583020517
70000001032791639
70000001033069244
2393065583067153
2393065583208336
2393065583021383
70000001029282459
2393065583020818
70000001051832859
2393066583109405
70000001044235404
70000001045688631
2393065583219032
2393065583020650
70000001038513652
70000001034784462
2393066583589847
70000001045634295
2393065583092585
2393065583053972
70000001035994929
2393065583586819
2393065583814463
2393065583657622
70000001020815707
70000001047864948
2393066583059347
2393065583020455
2393065583021440
70000001037879381
2393066583549073
2393066583521947
70000001006525686
2393065583229871
2393065583229862
70000001030329336
70000001026794598
2393065583125833
2393065583444510
70000001045258994
70000001043337489
2393065583072692
70000001036902526
70000001051543189
70000001047372440
70000001029305311
70000001006946289
2393065583020704
2393065583333386
70000001056241051
70000001051543165
70000001033486553
70000001031345213
70000001046384113
70000001023279774
70000001038544685
70000001053143924
2393065583181015
2393065583584572
2393065583020796
2393065583164132
2393065583597733
2393065583061495
70000001006546764
2393065583386565
2393065583020456
2393065583020501
2393065583657462
2393065583020569
2393065583061570
2393065583101633
2393065583201625
2393065583800424
70000001020978268
2393065583473461
2393065583655994
70000001056495021
70000001018187009
70000001018802478
70000001051543075
70000001051543124
70000001051543176
70000001051543182
70000001021486090
70000001042766188
70000001047125511
70000001047125534
70000001047125562
70000001025491335
70000001030756353
70000001036564071
70000001040981863
70000001047537723
70000001052555681
70000001054780776
2393065583020400
70000001051543066
2393065583042235
70000001026537238
2393065583021401
70000001029175088
70000001029175109
2393065583104517
70000001044528951
70000001053160398
70000001034215948
70000001037948843
70000001037956667
70000001028639859
70000001028614085
70000001044486602
70000001032376216
70000001044663265
70000001044629829
70000001054255693
