4644865396796608
70000001053734898
70000001007478119
4644865397356696
70000001026837131
70000001021184153
4644865396762860
70000001024187241
70000001025820387
70000001021884551
4644865396729979
4644865396735018
70000001026047456
70000001024013519
70000001046054370
70000001028786763
70000001047511388
4644865396754340
70000001055488063
70000001036649542
70000001035158042
70000001026489981
70000001020045293
70000001027009187
70000001038175793
70000001053734915
4644865397187291
70000001025023367
70000001026502722
70000001047247708
70000001028573312
70000001055488067
70000001023268513
70000001036097851
70000001040974999
70000001025580509
4644865396792376
70000001024151959
70000001026808470
70000001028772818
70000001036255859
70000001040197819
70000001045986566
70000001047710599
70000001053734888
70000001053865681
70000001046387440
70000001036056807
70000001036516948
4644865396999826
70000001042520146
70000001042906176
70000001030451804
4644865396735659
70000001028573679
70000001026721783
70000001026151002
4644865396971400
70000001029101493
4644865396779067
70000001018736195
70000001040936526
70000001032526312
70000001035896438
70000001036637559
70000001036982118
70000001034168443
4644865397030229
70000001025742695
4644865396755571
70000001032906466
70000001039536872
70000001036097610
70000001027473843
70000001018615208
70000001055900596
4644865396851949
70000001026103645
70000001035220850
70000001053734892
70000001027399782
70000001021162958
4644865397273661
70000001026061854
70000001055900603
70000001026177016
70000001033425116
70000001029655811
70000001021409463
4644865397102957
4644865396988410
70000001006226927
70000001026642525
4644865396776636
70000001040975128
