70000001043506485
4363390420209426
70000001019521572
4363390420042077
4363390420301423
70000001045094194
70000001029074880
4363390420236360
70000001030805681
70000001006773245
70000001023675043
4363390420143532
70000001040089347
4363390420003762
4363390420046721
4363390420149643
70000001041412487
4363390420003818
4363390420046723
70000001025703278
70000001039547098
4363390420004339
4363390420003737
4363390420004486
70000001024499234
4363390420004198
70000001033557366
4363390420003755
4363390420046648
70000001022657744
70000001051475267
70000001036172951
70000001021056502
4363390420101241
70000001040577278
4363390420003747
4363390420028411
70000001053808915
70000001007492444
4363390420003726
4363390420003727
4363390420003735
4363390420003741
4363390420003744
4363390420003749
4363390420003751
4363390420003776
4363390420298336
4363390420003804
4363390420003808
4363390420003810
4363390420003815
4363390420004186
4363390420004189
4363390420028621
4363390420149174
4363390420046748
4363390420169930
4363390420271628
4363390420060810
4363390420065664
4363390420066181
4363390420152236
4363390420152495
4363390420153832
4363390420170448
4363390420187579
4363390420288790
70000001025065124
70000001007432411
70000001017473850
70000001018419900
70000001024885914
70000001026820593
70000001026947098
70000001028253892
70000001028701633
70000001029237613
70000001032764916
70000001039762289
70000001039776897
70000001041389608
70000001041850341
70000001041850681
70000001046309385
70000001053808886
70000001053808891
70000001053808895
70000001053808905
70000001053808909
70000001053808912
70000001053808927
70000001026189931
70000001053808924
4363391420281505
70000001052094907
70000001052094909
70000001054217629
70000001052094910
70000001053808921
70000001053803208
70000001040434606
70000001053799637
70000001040438787
70000001050880754
70000001053808918
70000001045811537
70000001045815025
70000001045814926
70000001047925200
70000001040125685
